cpu: 12th Gen Intel(R) Core(TM) i7-1255U, 10 threads, CPU/avx2
model: models/qwen2.5-1.5b-instruct-q4_k_m.gguf

tensor    type   shape            M |  fused ms    GB/s | expand ms    GB/s |   int8 ms    GB/s | best
attn_q    q4_K   [1536, 1536]     1 |     0.151     8.8 |     0.136     9.8 |     0.089    14.9 | int8
attn_q    q4_K   [1536, 1536]     2 |     0.170     7.8 |     0.124    10.7 |     0.096    13.8 | int8
attn_q    q4_K   [1536, 1536]     3 |     0.288     4.6 |     0.139     9.6 |     0.130    10.2 | int8
attn_q    q4_K   [1536, 1536]     4 |     0.345     3.8 |     0.189     7.0 |     0.164     8.1 | int8
attn_q    q4_K   [1536, 1536]     6 |     0.554     2.4 |     0.180     7.4 |     0.219     6.1 | expand
attn_q    q4_K   [1536, 1536]     8 |     0.716     1.9 |     0.242     5.5 |     0.284     4.7 | expand
attn_q    q4_K   [1536, 1536]    12 |     1.150     1.2 |     0.270     4.9 |     0.431     3.1 | expand
attn_q    q4_K   [1536, 1536]    16 |     1.444     0.9 |     0.364     3.6 |     0.589     2.3 | expand
attn_q    q4_K   [1536, 1536]    24 |     2.144     0.6 |     0.462     2.9 |     0.822     1.6 | expand
attn_q    q4_K   [1536, 1536]    32 |     2.856     0.5 |     0.550     2.4 |     1.194     1.1 | expand
attn_q    q4_K   [1536, 1536]    64 |     5.831     0.2 |     1.110     1.2 |     2.422     0.5 | expand
attn_q    q4_K   [1536, 1536]   128 |    11.664     0.1 |     2.135     0.6 |    13.054     0.1 | expand
attn_q    q4_K   [1536, 1536]   256 |    33.135     0.0 |     5.843     0.2 |    32.094     0.0 | expand
attn_k    q4_K   [256, 1536]      1 |     0.055     4.1 |     0.030     7.4 |     0.016    14.0 | int8
attn_k    q4_K   [256, 1536]      2 |     0.040     5.6 |     0.029     7.7 |     0.023     9.7 | int8
attn_k    q4_K   [256, 1536]      3 |     0.069     3.2 |     0.082     2.7 |     0.031     7.1 | int8
attn_k    q4_K   [256, 1536]      4 |     0.110     2.0 |     0.070     3.1 |     0.062     3.5 | int8
attn_k    q4_K   [256, 1536]      6 |     0.125     1.8 |     0.041     5.4 |     0.060     3.7 | expand
attn_k    q4_K   [256, 1536]      8 |     0.166     1.3 |     0.165     1.3 |     0.102     2.2 | int8
attn_k    q4_K   [256, 1536]     12 |     0.216     1.0 |     0.058     3.8 |     0.108     2.1 | expand
attn_k    q4_K   [256, 1536]     16 |     0.300     0.7 |     0.081     2.7 |     0.155     1.4 | expand
attn_k    q4_K   [256, 1536]     24 |     0.467     0.5 |     0.095     2.3 |     0.262     0.8 | expand
attn_k    q4_K   [256, 1536]     32 |     0.608     0.4 |     0.130     1.7 |     0.307     0.7 | expand
attn_k    q4_K   [256, 1536]     64 |     1.169     0.2 |     0.263     0.8 |     0.611     0.4 | expand
attn_k    q4_K   [256, 1536]    128 |     2.517     0.1 |     0.446     0.5 |     2.434     0.1 | expand
attn_k    q4_K   [256, 1536]    256 |     5.254     0.0 |     0.871     0.3 |     5.365     0.0 | expand
ffn_gate  q4_K   [8960, 1536]     1 |     0.776    10.0 |     0.863     9.0 |     0.434    17.8 | int8
ffn_gate  q4_K   [8960, 1536]     2 |     1.341     5.8 |     0.925     8.4 |     0.595    13.0 | int8
ffn_gate  q4_K   [8960, 1536]     3 |     1.997     3.9 |     1.023     7.6 |     0.846     9.2 | int8
ffn_gate  q4_K   [8960, 1536]     4 |     2.673     2.9 |     1.251     6.2 |     1.184     6.5 | int8
ffn_gate  q4_K   [8960, 1536]     6 |     4.191     1.8 |     1.393     5.6 |     1.788     4.3 | expand
ffn_gate  q4_K   [8960, 1536]     8 |     5.642     1.4 |     1.761     4.4 |     2.207     3.5 | expand
ffn_gate  q4_K   [8960, 1536]    12 |     8.323     0.9 |     2.185     3.5 |     3.143     2.5 | expand
ffn_gate  q4_K   [8960, 1536]    16 |    11.069     0.7 |     3.002     2.6 |     4.584     1.7 | expand
ffn_gate  q4_K   [8960, 1536]    24 |    16.880     0.5 |     3.647     2.1 |     6.564     1.2 | expand
ffn_gate  q4_K   [8960, 1536]    32 |    24.360     0.3 |     5.751     1.3 |     8.719     0.9 | expand
ffn_gate  q4_K   [8960, 1536]    64 |    46.965     0.2 |     9.726     0.8 |    17.614     0.4 | expand
ffn_gate  q4_K   [8960, 1536]   128 |    92.183     0.1 |    16.394     0.5 |    90.764     0.1 | expand
ffn_gate  q4_K   [8960, 1536]   256 |   189.529     0.0 |    35.211     0.2 |   182.029     0.0 | expand
ffn_down  q6_K   [1536, 8960]     1 |     0.798    14.2 |     0.943    12.0 |     0.581    19.4 | int8
ffn_down  q6_K   [1536, 8960]     2 |     1.607     7.0 |     1.266     8.9 |     0.727    15.5 | int8
ffn_down  q6_K   [1536, 8960]     3 |     1.957     5.8 |     1.107    10.2 |     0.968    11.7 | int8
ffn_down  q6_K   [1536, 8960]     4 |     2.755     4.1 |     1.463     7.7 |     1.127    10.0 | int8
ffn_down  q6_K   [1536, 8960]     6 |     4.109     2.7 |     1.525     7.4 |     1.722     6.6 | expand
ffn_down  q6_K   [1536, 8960]     8 |     5.459     2.1 |     1.709     6.6 |     2.165     5.2 | expand
ffn_down  q6_K   [1536, 8960]    12 |     8.013     1.4 |     2.296     4.9 |     2.970     3.8 | expand
ffn_down  q6_K   [1536, 8960]    16 |    10.443     1.1 |     2.638     4.3 |     4.020     2.8 | expand
ffn_down  q6_K   [1536, 8960]    24 |    15.992     0.7 |     3.512     3.2 |     5.691     2.0 | expand
ffn_down  q6_K   [1536, 8960]    32 |    20.710     0.5 |     4.462     2.5 |     7.895     1.4 | expand
ffn_down  q6_K   [1536, 8960]    64 |    45.221     0.2 |     8.164     1.4 |    15.751     0.7 | expand
ffn_down  q6_K   [1536, 8960]   128 |    89.737     0.1 |    18.259     0.6 |    95.094     0.1 | expand
ffn_down  q6_K   [1536, 8960]   256 |   194.472     0.1 |    43.888     0.3 |   195.080     0.1 | expand
lm_head   q6_K   [151936, 1536]   1 |    11.194    17.1 |    21.508     8.9 |    11.200    17.1 | fused
lm_head   q6_K   [151936, 1536]   2 |    21.103     9.1 |    22.217     8.6 |    13.072    14.6 | int8
lm_head   q6_K   [151936, 1536]   3 |    32.300     5.9 |    21.109     9.1 |    12.728    15.0 | int8
lm_head   q6_K   [151936, 1536]   4 |    41.246     4.6 |    27.988     6.8 |    16.687    11.5 | int8
lm_head   q6_K   [151936, 1536]   6 |    62.428     3.1 |    27.802     6.9 |    27.735     6.9 | int8
lm_head   q6_K   [151936, 1536]   8 |    88.024     2.2 |    28.357     6.8 |    32.629     5.9 | expand
lm_head   q6_K   [151936, 1536]  12 |   132.276     1.4 |    35.663     5.4 |    47.029     4.1 | expand
lm_head   q6_K   [151936, 1536]  16 |   170.563     1.1 |    46.613     4.1 |    66.441     2.9 | expand
lm_head   q6_K   [151936, 1536]  24 |   255.562     0.7 |    63.860     3.0 |   103.024     1.9 | expand
lm_head   q6_K   [151936, 1536]  32 |   349.779     0.5 |    76.768     2.5 |   124.512     1.5 | expand
lm_head   q6_K   [151936, 1536]  64 |   692.703     0.3 |   148.009     1.3 |   247.160     0.8 | expand
lm_head   q6_K   [151936, 1536] 128 |  1389.520     0.1 |   278.843     0.7 |  1390.692     0.1 | expand
lm_head   q6_K   [151936, 1536] 256 |  2793.155     0.1 |   549.874     0.3 |  2868.967     0.1 | expand
